1200 1199 1
2 12 3 10 4 1 8 6 35 20 75 1 446 4 654 11
29 10 240 1 638 16
5 15 17 18 21 11 212 1 406 5
52 8 74 20 120 1
6 12 7 19 9 2 10 18 32 17 126 15
15 5 16 14 20 12 24 5 41 17 183 15 589 15 685 11
12 6 61 6 63 11
11 9 49 17 154 6 274 7 465 19
54 12 87 4 498 10
13 8 98 18 114 3 131 17 886 12
30 13 102 12 885 16 1168 15
14 19 43 3 46 16 174 13 245 4
26 18 140 4 221 15 312 4 807 10
42 14 64 16 89 20
18 10 19 2 128 2 159 12 182 4 198 15 206 4 512 5 606 15
25 11 129 5
81 5 153 15 219 3
50 3 93 1 387 15
39 2 92 19 148 5 177 10
27 13 68 4 216 16 547 6 1119 11
22 13 23 13 59 18 91 5 99 14 257 3 427 20 457 14
33 19 70 15
313 12 403 13 681 1
378 1 711 7
151 1 340 1
28 14 96 14 106 6 122 9 295 20 507 10
44 5 196 11
36 16 38 16 47 17
37 5 62 20 231 12
31 13 55 10 353 4 650 13 1141 14
396 15
1055 11 1092 13
34 14 40 4 113 20 161 11 170 12 251 11 542 1 705 18
73 2 207 10 700 18 1094 18 1164 10 1166 13
45 17 57 9 320 3 524 10
78 6 255 15 326 18 356 9 760 8 858 18 1162 14
80 16 85 18 119 11 160 16 224 12
77 14 359 15
56 16 451 16 568 2
53 5 65 13 105 18 226 2 486 17 984 19
51 7 90 3 189 13 500 1
67 1 121 11 166 2 169 9 687 15
48 16 355 8 709 6 921 15
82 13 94 17 334 13 744 6
132 9 259 3 803 2

118 12 310 5
111 15 192 13 248 19
86 4 263 11 372 14 510 10 585 14 1143 10
380 8
72 9 100 16 158 12 200 7 362 3 431 10 812 18
137 13
619 12 747 17 1004 13
58 15 76 5 103 1 461 10
60 6 683 7 707 9 1173 12
66 6 71 17 110 1
108 7 223 7 412 3
84 20 405 15 1087 13
69 11 79 19 195 12 303 4 567 8
101 8 130 12 180 12 188 4
95 12 266 13 339 8
203 19 755 3
83 3 184 7 392 10 740 2 970 12 1158 20
548 9
109 7 299 18 322 18 411 7 447 20 502 12 850 1 1019 20
384 18 651 11 777 7 1149 15
134 9 315 13 689 5
342 19 662 7 1070 12
252 17
144 7 205 11 237 5 325 13
104 4 139 18 222 3 272 19 428 6 588 1
88 10 155 13 517 17
354 8
97 2 480 19
115 15
117 8 165 7 193 5 324 12 463 11 1051 2
125 18 208 2
168 7 538 7
185 11 365 4 741 10

537 19

791 9 980 19
265 16 418 3 424 10
249 11 256 9 330 4 592 11 621 9
123 10 358 3 529 15
127 7 176 9 558 18
133 9 476 19 550 9 598 12
311 1 910 13
301 19
209 17 979 12
145 6 940 16
124 2 210 12
138 8 597 3
107 8 1106 17
292 2 801 12
178 2 505 5 541 15 544 20

435 6 949 10
456 17 545 15 1102 1
307 20
187 17 549 3
135 4 250 6 511 7
142 4 152 2 230 15 1167 17
280 19 566 8
150 1 202 1 1097 2
149 17 305 17 703 12 1101 16
112 8 147 12 164 13 1065 19
253 7 375 5 951 14
116 13 156 13

916 5
186 16 247 4 784 4 795 9 855 1
284 20 667 4
197 8 235 7 688 12 742 14
143 10 417 5

959 10
136 18 277 19 441 20
920 19
448 18 577 10
179 3 466 15 470 10 942 8
401 5 672 1
671 15 1121 4
260 6 574 20 824 9
173 11 618 17 1080 5
225 20 338 14 847 13 1182 20
141 7 323 15 430 18
279 14 383 20 1025 16
276 9 652 14
814 13 961 3
903 14 1007 11
386 11 805 16
286 14 450 9
146 11 214 19 234 16 357 19 423 13
484 15 1195 2
1029 16
162 19

243 20 345 15 351 2
175 9 191 8 482 17 1018 6
172 8 194 11 228 3
697 10

217 13
163 9 181 15 232 14
287 3 400 14 981 15
171 19 317 17 559 10 1188 14
415 6
1003 19

861 9
865 13
611 18
204 15 445 18 499 18
157 14 239 16 350 19 1041 19
282 20 706 6 734 7 904 16
288 9 309 7 454 16 819 15 820 19 884 2
167 19 199 5 258 11 599 9 780 8
218 19 298 1 1165 9
308 8 318 17 551 10 617 13
270 14 479 9 988 8
201 9
1108 11

241 15 535 13
1042 17
398 19 964 19 1032 2 1178 20
527 11 764 6 1053 10
337 17 395 19 571 17 686 19 1054 17 1058 10 1161 5
211 7 478 20 1118 13
506 1 591 6 1122 12
294 9 367 1 419 4 552 17
515 8


213 6 360 18 564 11
190 5 452 18 809 9 1200 5
923 19

304 14 596 2
727 5 1150 1
420 2
244 13 989 1
676 3

331 11 366 6
238 13 388 5 402 2 522 8
842 6
254 17
227 1 580 1
488 11
1034 11
477 11 978 17
352 5 434 10
329 9 439 12 636 17 660 14
273 4 468 13 830 10
281 12 723 8
215 19 389 2 1091 4

343 9 561 18 944 6
526 12 983 15 1086 13
382 6 690 13 756 15
327 14 328 6 554 5 896 9
472 17 593 1
404 2
220 5 1014 13
283 7 368 17 874 1
870 20

1017 12
425 6
469 10 802 6 1193 17
290 13
229 3 374 19
300 20 851 10
579 13
236 1 590 8
655 5
278 14 440 12

246 18 347 10
233 2
622 11 985 7
268 8 269 4 467 11 583 1 827 19 1125 13
514 12
336 10 543 6 616 8
376 20
261 12
285 20 767 15
539 16 912 2 1023 5
242 20 1024 1
275 2 483 1
532 19



314 10 444 2 863 20
264 15 453 6
349 15 565 3 881 11
737 17
1128 11 1134 12 1186 5
271 19 377 17 407 18
1147 17
1011 20
1145 7
798 12
494 11 647 8
316 2 721 13

291 7 475 7 719 12



267 7 493 7
333 4
293 19 426 7 533 1 666 17
1022 20 1113 19
262 2
410 5

1136 3
390 19

421 16
1056 7 1127 1
714 19
519 20 854 13

289 2 1104 9
731 16 745 10

348 2 474 8
489 4 663 8
449 14 569 7 728 13
394 15 437 13 806 11
306 2 364 1 399 18 1156 15
748 8

661 2 712 3
459 10 763 18

735 8 862 11
341 20 363 9 790 6
296 6 609 8 1170 10

335 2 950 9
640 5
783 19 1026 8
297 12
344 6 698 10
302 9 852 5 867 7 890 20
393 17 433 1 786 1
371 1 381 1
321 10 497 12 628 12 1072 4
937 2
659 20
455 3

623 11
1144 8
481 13 1043 19
1075 5
643 19
927 4 1130 3
573 19 1040 20
319 13
458 6
1006 8
860 12
416 16 575 17
442 18
897 12 1181 7
1009 12 1142 18
332 6 501 6 691 15
491 17 594 4 595 3 704 5
629 6 794 18
1095 2
692 4 733 10

879 1 908 3


432 18 581 1 837 4 1120 12

346 16 773 17
693 9
754 17
385 16 753 9 788 17

1005 1
720 7 880 16
540 7 905 5
361 15 413 13
473 7 520 6
557 10
909 7

945 5
953 4 957 13

649 20
866 1
379 18
701 12
460 20
600 12 926 15
817 7
1105 9
408 10 553 4
429 2

369 9 373 18
397 8


582 1
422 16 562 5 841 12
414 10 610 12 779 13
627 13
528 4 900 5

696 4
563 1
840 1
1098 12
370 13 436 9

1096 8

503 14 892 8

800 6
907 14

782 15
868 10 1129 19


919 10 930 12

521 10

531 5 560 17 578 16 1109 15

391 16 749 5 965 1
438 15
713 6 1066 11
508 9


471 2
525 18 1153 10 1198 9
726 10

646 5
409 6 487 13 960 1
859 11
684 8
633 12

717 12
1171 9

656 9
722 5 792 8 810 19
509 13 836 19
576 13 825 19
637 5
906 19
496 4 625 4 974 5
584 10
462 12
947 6
556 7
694 3 1183 7
464 17 785 12 797 8 1116 11
770 11 1126 19

769 3
555 2
946 5 1194 1
895 12

546 1 738 19
1048 18
443 9 523 11





971 15
1137 18
668 20 670 2 1155 11
991 9



613 14
495 1
653 13 1140 2

665 18
601 18

518 18

1199 16
490 11

1002 5


1021 7
948 4 1027 20



615 19
492 2 516 19 605 8
641 12 739 2 1063 15
996 10 1088 18
604 1 648 10
536 9 1036 7

1133 1
1089 10


776 8

664 6

513 19 644 7 1179 14
1028 17
530 12
893 13 972 5

1084 12
485 3



675 2
587 2 846 5



603 1 674 14 938 6
624 2 941 9 1020 18

848 7



695 18
504 13

614 8




586 7
982 12
534 19 999 14
657 11
746 9 1189 3
602 19






572 12 872 1


831 1
823 14 968 18
966 11

626 18
789 18 933 14
1050 15

620 2 750 10


1180 11
1099 9
658 17 682 12
702 18 987 3

1190 17
925 7
843 15


793 12


990 4

1064 13 1177 13
1187 20


914 7 1037 3
832 2

677 4 710 20 781 18
838 17 932 12 1076 9
678 1 796 5

608 20 729 11 929 18 1012 5
570 1 612 1
607 5 818 20
1001 19
725 18 1016 13
1000 16
736 10


804 18
1030 8 1196 2
679 15 1068 5
1082 17

631 5








634 11 1085 10
718 11 1146 5
829 11

1008 5


986 7
1038 7
635 7 774 1
901 11
752 6


1062 6
1079 15

775 14 787 20 799 19


1197 15

632 19
715 11

708 15 1114 1
853 3
954 13

645 13
917 5
828 13 1059 14
630 2 977 5
875 19
915 12
962 12

1160 8



899 16 955 2

757 11 939 6 998 2


673 15


995 6
642 3
766 11 849 9



730 2


639 3 816 8 821 9

845 9

808 5
669 7



751 8
1169 2
833 7


1071 18 1083 11

724 16


680 8 1045 8

699 11
967 15 1052 2
811 15 993 6

1112 2

913 16


1077 11

772 11
762 8
716 17 973 15
1107 16 1117 3

1039 7 1138 4
844 10 1069 20
891 10


894 16


935 14 1031 7 1047 3
1046 11




815 19
889 2





834 18



952 9
743 17




1163 3
928 3

761 11
768 12


732 10
1148 10
931 5 1151 2


1191 10






887 7
873 10
771 11
864 10
759 14
1159 4
1185 17





918 19



758 17 856 15
765 2
902 8 1100 20




883 17


857 11 958 18






1078 6
997 18



936 10
813 15




826 10
1174 2
877 15
934 6
778 20
822 16 835 11

871 5
1035 13 1157 18
1061 15


1111 9
1124 17
1090 7



1110 9
882 19 1049 1
1093 7


1057 10
1060 5


1033 8 1175 18






1013 5

1131 20

839 18
1152 8




888 16 976 18
969 10




1139 19

1073 12
1015 18
1184 10
943 4


1115 14
911 15
1123 16
1010 16



1074 7


878 13
1132 8 1135 3

1176 14


975 19



898 2 924 20
994 14













1081 20
1044 7

869 2 922 3

1154 7


876 8

956 14






963 11





1192 13
1067 12 1103 9







992 17



1172 11














































































































































































































































































































